place(23.666, 0.983, 34.396, "Engineer", 750)
task.wait(1)
upgrade(23.666, 2.333, 34.396, 370)
upgrade(23.666, 2.333, 34.396, 602)
place(18.036, 0.985, 28.976, "Engineer", 623)
task.wait(1)
upgrade(18.036, 2.335, 28.976, 1156)
upgrade(18.036, 2.335, 28.976, 806)
place(17.963, 0.987, 32.072, "Engineer", 1422)
place(15.450, 0.980, 27.259, "Engineer", 834)
place(24.111, 0.987, 28.933, "Engineer", 1565)
task.wait(1)
upgrade(24.111, 2.337, 28.933, 1049)
upgrade(24.111, 2.337, 28.933, 709)
upgrade(17.963, 2.337, 32.072, 1459)
upgrade(17.963, 2.337, 32.072, 1494)
upgrade(15.450, 2.330, 27.259, 944)
upgrade(15.450, 2.330, 27.259, 594)
place(15.364, 0.982, 30.384, "Engineer", 234)
place(15.272, 0.982, 30.417, "Engineer", 2114)
task.wait(1)
upgrade(15.272, 2.332, 30.417, 1514)
upgrade(15.272, 2.332, 30.417, 1164)
place(11.150, 0.977, 30.525, "Engineer", 614)
task.wait(1)
upgrade(24.111, 2.337, 28.933, 2952)
upgrade(23.666, 2.333, 34.396, 3340)
upgrade(18.036, 2.335, 28.976, 3344)
upgrade(17.963, 2.337, 32.072, 4699)
upgrade(15.450, 2.330, 27.259, 2449)
upgrade(15.272, 2.332, 30.417, 4061)
place(20.108, 0.985, 25.762, "Engineer", 5634)
task.wait(1)
upgrade(23.666, 2.333, 34.396, 5842)
upgrade(24.111, 2.337, 28.933, 5940)
upgrade(17.963, 2.337, 32.072, 6221)
upgrade(18.036, 2.335, 28.976, 6469)
upgrade(15.272, 2.332, 30.417, 7558)
upgrade(15.450, 2.330, 27.259, 7939)
upgrade(18.036, 2.335, 28.976, 13684)
upgrade(17.963, 2.337, 32.072, 13954)
upgrade(24.111, 2.337, 28.933, 17642)
place(21.030, 0.988, 28.423, "Minigunner", 5000)
task.wait(1)
upgrade(21.030, 2.338, 28.423, 3468)
upgrade(21.030, 2.338, 28.423, 3072)
place(19.269, 0.984, 25.904, "Minigunner", 2441)
task.wait(1)
upgrade(19.269, 2.334, 25.904, 591)
upgrade(19.269, 2.334, 25.904, 191)
upgrade(19.269, 2.334, 25.904, 1766)
upgrade(19.269, 2.334, 25.904, 8141)
place(12.661, 0.977, 28.614, "Minigunner", 6141)
task.wait(1)
upgrade(12.661, 2.327, 28.614, 6791)
upgrade(12.661, 2.327, 28.614, 6394)
place(9.523, 0.973, 28.377, "Minigunner", 4891)
task.wait(1)
upgrade(9.523, 2.323, 28.377, 5541)
upgrade(9.523, 2.323, 28.377, 5143)
place(11.272, 0.973, 25.763, "Minigunner", 3641)
task.wait(1)
upgrade(11.272, 2.323, 25.763, 4291)
upgrade(11.272, 2.323, 25.763, 3902)
place(7.878, 0.969, 25.688, "Minigunner", 4891)
task.wait(1)
upgrade(7.878, 2.319, 25.688, 3041)
upgrade(7.878, 2.319, 25.688, 2642)
place(9.339, 0.968, 22.798, "Minigunner", 3212)
